1700  277.75
1701  277.75
1702  277.75
1703  277.75
1704  277.75
1705  277.75
1706  277.75
1707  277.75
1708  277.75
1709  277.75
1710  277.75
1711  277.75
1712  277.75
1713  277.75
1714  277.75
1715  277.75
1716  277.75
1717  277.75
1718  277.75
1719  277.75
1720  277.75
1721  277.75
1722  277.75
1723  277.75
1724  277.75
1725  277.75
1726  277.75
1727  277.75
1728  277.75
1729  277.75
1730  277.75
1731  277.75
1732  277.75
1733  277.75
1734  277.75
1735  277.75
1736  277.75
1737  277.75
1738  277.75
1739  277.75
1740  277.75
1741  277.75
1742  277.75
1743  277.75
1744  277.75
1745  277.75
1746  277.75
1747  277.75
1748  277.75
1749  277.75
1750  277.75
1751  277.72
1752  277.68
1753  277.65
1754  277.62
1755  277.60
1756  277.58
1757  277.56
1758  277.55
1759  277.55
1760  277.55
1761  277.57
1762  277.59
1763  277.63
1764  277.67
1765  277.73
1766  277.80
1767  277.88
1768  277.96
1769  278.06
1770  278.16
1771  278.26
1772  278.37
1773  278.48
1774  278.59
1775  278.71
1776  278.83
1777  278.95
1778  279.08
1779  279.21
1780  279.36
1781  279.51
1782  279.69
1783  279.87
1784  280.07
1785  280.28
1786  280.49
1787  280.71
1788  280.94
1789  281.17
1790  281.41
1791  281.64
1792  281.87
1793  282.10
1794  282.33
1795  282.54
1796  282.76
1797  282.96
1798  283.15
1799  283.34
1800  283.51
1801  283.68
1802  283.84
1803  283.98
1804  284.12
1805  284.24
1806  284.36
1807  284.46
1808  284.55
1809  284.62
1810  284.68
1811  284.73
1812  284.76
1813  284.78
1814  284.78
1815  284.77
1816  284.74
1817  284.71
1818  284.66
1819  284.62
1820  284.57
1821  284.52
1822  284.49
1823  284.45
1824  284.44
1825  284.43
1826  284.44
1827  284.47
1828  284.51
1829  284.55
1830  284.61
1831  284.67
1832  284.73
1833  284.81
1834  284.89
1835  284.98
1836  285.08
1837  285.20
1838  285.34
1839  285.50
1840  285.68
1841  285.89
1842  286.11
1843  286.33
1844  286.56
1845  286.76
1846  286.95
1847  287.12
1848  287.25
1849  287.36
1850  287.43
1851  287.48
1852  287.50
1853  287.49
1854  287.47
1855  287.44
1856  287.41
1857  287.39
1858  287.37
1859  287.37
1860  287.39
1861  287.42
1862  287.48
1863  287.56
1864  287.68
1865  287.82
1866  287.99
1867  288.18
1868  288.39
1869  288.61
1870  288.84
1871  289.08
1872  289.31
1873  289.53
1874  289.74
1875  289.94
1876  290.13
1877  290.33
1878  290.53
1879  290.74
1880  290.97
1881  291.22
1882  291.48
1883  291.77
1884  292.10
1885  292.45
1886  292.83
1887  293.22
1888  293.62
1889  294.02
1890  294.43
1891  294.83
1892  295.22
1893  295.60
1894  295.95
1895  296.28
1896  296.58
1897  296.84
1898  297.08
1899  297.31
1900  297.54
1901  297.77
1902  298.01
1903  298.26
1904  298.54
1905  298.84
1906  299.15
1907  299.47
1908  299.79
1909  300.12
1910  300.46
1911  300.81
1912  301.17
1913  301.55
1914  301.94
1915  302.34
1916  302.74
1917  303.13
1918  303.52
1919  303.89
1920  304.25
1921  304.60
1922  304.95
1923  305.29
1924  305.63
1925  305.98
1926  306.33
1927  306.70
1928  307.07
1929  307.44
1930  307.81
1931  308.19
1932  308.56
1933  308.93
1934  309.29
1935  309.66
1936  310.01
1937  310.35
1938  310.68
1939  310.98
1940  311.25
1941  311.47
1942  311.65
1943  311.79
1944  311.90
1945  312.00
1946  312.10
1947  312.20
1948  312.33
1949  312.49
1950  312.68
1951  312.89
1952  313.13
1953  313.40
1954  313.72
1955  314.06
1956  314.45
1957  314.90
1958  315.21
1959  315.74
1960  316.67
1961  317.41
1962  318.21
1963  318.75
1964  319.39
1965  319.80
1966  321.13
1967  321.95
1968  322.81
1969  324.38
1970  325.44
1971  326.09
1972  327.22
1973  329.45
1974  330.02
1975  330.93
1976  331.93
1977  333.68
1978  335.28
1979  336.62
1980  338.91
1981  340.11
1982  340.86
1983  342.53
1984  344.07
1985  345.54
1986  346.97
1987  348.68
1988  351.16
1989  352.78
1990  354.06
1991  355.39
1992  356.09
1993  356.83
1994  358.33
1995  360.17
1996  361.93
1997  363.05
1998  365.70
1999  367.80
2000  368.97
2001  370.57
2002  372.59
2003  375.15
2004  376.95
2005  378.98
2006  381.15
2007  382.90
2008  385.02
2009  386.50
2010  388.76
2011  390.63
2012  392.65
2013  395.40
2014  397.35
2015  399.65
2016  403.08
2017  405.22
2018  407.61
2019  410.07
2020  412.44
2021  414.70
2022  417.07
2023  419.31
